[{"old_committee_root":[0,0,0,0,0,0,0,0,0,0,0,0,0,0,0,0,0,0,0,0,0,0,0,0,0,0,0,0,0,0,0,0],"pubkeys":[[["9831598374949744","23855355615508359","31430090573478446","29343456661208842","6677852858947573","31477681244566487","659525111204037"],["24931403231661102","29341656825142531","5559922326835791","22508414768135030","21009890578071761","1438495239472735","1027248723516977"]],[["31848737814775009","34746119447898495","32338366739747632","2620369776845828","4370390755572450","33713058195010305","1009905715040131"],["1853212917813769","10022656317924034","31721818079083127","3857256605634567","29465151560813220","4161663094669137","744269905646319"]],[["10863686994539668","15563944043599881","18818866786756250","2264993666303477","34425046923881415","7252013213003191","804831810229370"],["25163012694749896","2439910610549105","29629207408626164","13775647618636130","30674616453128309","23491164932749739","1142987243582057"]],[["25424655590773015","16674375213996871","8617298026599013","17895712612899850","18115146387634909","15847367043636991","216356771888953"],["15008084350552662","12909388129321883","1488021692293868","24022403394408257","7249818522850479","20859583366698009","379807840762118"]],[["3866569184988787","3260863498237965","9867209397792382","24235535577414659","33880752414013302","35782550074767353","1078747996306281"],["4231605764819939","8579203569633974","25980634508338876","25045584118969456","7219474358096099","11754346977937251","1129974858984227"]],[["21147371382369618","10248681802814503","20777742391913758","35484796594432462","26250729459209968","20186352624731854","1198625870944286"],["26280208589401217","17389281092851604","94813737040568","29179092795682021","16227318935621788","18010788761525724","1332419948159336"]],[["24996141510641284","28858605955160626","912222771772341","6353354633433617","21850000743403996","19865190607857920","1166576370610590"],["13607291773270678","17174552549659493","20810427386326525","31343698006621088","18855454807213336","27942623027011951","41695155116297"]],[["15212485800492794","29291753695300459","4385620701718861","15256443924591055","3888324029716343","21450948285339686","1209806604702801"],["28693333250787909","21547678714945376","19540389580109761","863430648523425","24616532847186266","4917116259268499","759127645874337"]],[["16640146002969681","27693682598085706","19004717364464411","10881005281883673","20565234593226981","25997242242794938","1657668549707024"],["10551308706580751","5827159448346972","1876021170868487","3690528475729710","26356776834709331","29765338961653005","194860623336758"]],[["9197284032862328","9203744343994176","33268803563274239","2444161329406743","17649340642371337","33359742692971308","424797141122854"],["32514735800302809","9053361234248069","3327175086591990","7057647299003140","20215539133355758","3496675029268866","1806699744634517"]],[["4397375242370636","9721618395008542","19728531037447045","16179223033955949","24605477301428951","28722548572767684","1183585980054202"],["29790843503974829","7355527797851303","4064377057732727","14037881765225832","114725876100751","22327536084046923","235034161181320"]],[["17840290649972881","33572287746711312","21691205034321105","2985142871035581","2770774195290096","25771787688368597","1564147859281377"],["32473972780894059","15720793277069648","6605530008884425","1264307895006625","4019338554796438","9793032854245687","1026184500326080"]],[["27584948843164020","30612575735627733","31709128343874779","1172013776697778","7344190757934700","24269832476756096","1647099144425785"],["25357375934453307","16717205497445184","33674763811850522","9158827096612549","6698161615079841","2986453270626419","1812855533077728"]],[["2502582772226279","12178462489041897","32516384116836293","28395879684940261","21252041411122330","30102379482725236","504323348472297"],["22536765455867194","17544115020173878","33959270276067024","29348940991961684","32049555851820942","26548217787536329","837561898087310"]],[["13326547388441606","14255187681467504","8400713016574091","18988427617279669","24255028603590585","22321828042472584","440972677331085"],["35585519298357346","14586808512945956","21023797942624816","26259383451531733","31884650133332281","5531512119535736","740005475024329"]],[["972310295221808","35082875467284675","35893790153189353","11514772312961294","29565709079200529","23207451436655944","708530060241889"],["29896557542001473","31789786086320184","14533532161972893","4540929766077204","9292000660243072","15672223544966975","1334385819232360"]]],"pubkeybits":[1,1,1,1,1,1,1,1,1,1,1,1,1,1,1,1],"signature":[[["30857160816346125","34371137545379936","274547005214007","1745369650533174","9271384031205439","22509510296593031","633090674349345"],["35638155978657952","20404264546112826","9607911359814976","14653759006839465","25764152802302531","3128194508582286","1176784930045216"]],[["2963263485295689","3044854277144973","1146689718546134","21076320772009141","18088174558273493","32712177207094770","1149877027041336"],["248320265139405","24509182836040319","2982364889928440","1182415658111740","27627683770068509","28510083079206438","1765035011872409"]]],"Hm":[[["29880632831085829","32694022178605103","29364402203970946","20028922964056418","34322884082102591","659350625530152","1440610421885776"],["22795700043485998","7866664886375522","24078871986806082","23703985037384087","28059895891155174","21539718381977521","1376509371862229"]],[["24193255295646182","12390021641999705","35517034419994223","21862330070798056","28102783355806474","27010386386050742","1037470872068685"],["29917756237936581","22946497339727510","1061186390906653","27296916806195876","8186146482396276","14853975139429328","691763760705161"]]],"pubkey_hexes":[[169,95,86,159,229,35,23,126,166,70,71,123,158,185,123,151,140,120,81,127,93,7,246,252,216,191,225,91,234,96,13,248,254,139,170,96,40,230,185,251,195,162,237,201,96,182,147,112],[142,90,3,253,155,62,15,190,46,200,80,11,152,8,248,109,142,72,63,174,33,41,230,204,55,84,128,156,184,228,175,136,228,204,61,184,180,173,129,244,191,241,38,66,31,254,132,225],[171,111,246,8,156,81,232,206,29,87,59,189,109,191,164,214,93,84,98,188,113,1,127,253,220,192,190,176,182,234,55,121,153,166,155,165,169,142,2,236,4,166,152,119,60,66,180,148],[131,19,25,242,33,252,229,194,104,197,90,22,247,252,5,186,19,23,211,173,215,242,129,201,41,107,129,71,167,88,194,243,36,153,93,158,160,193,189,173,163,218,83,150,237,6,81,23],[175,84,118,92,124,237,167,249,0,81,82,233,191,207,133,229,214,69,195,119,106,195,66,235,33,15,128,104,195,139,45,197,27,159,133,202,222,121,60,156,6,141,188,159,202,197,78,115],[177,8,147,85,6,96,122,61,187,11,204,16,54,117,212,46,99,200,45,111,15,194,39,128,254,5,57,210,116,79,200,160,75,71,146,52,143,151,34,234,19,203,33,108,23,45,237,82],[144,147,250,232,177,198,122,52,154,72,236,157,72,4,218,7,91,202,113,29,194,210,74,244,193,218,66,32,207,106,90,145,30,237,115,67,95,230,85,205,25,88,205,219,183,127,70,132],[145,49,64,51,174,81,70,97,172,48,197,36,193,48,221,6,143,201,1,119,118,198,116,245,21,38,57,227,229,44,185,2,234,83,116,8,88,238,237,165,181,182,11,172,220,73,254,250],[151,142,144,36,62,20,66,226,226,213,40,44,45,212,144,255,140,234,110,14,84,213,6,238,212,6,195,48,225,44,36,228,50,198,241,49,160,248,228,2,37,59,30,31,231,132,132,81],[166,9,103,42,202,252,155,180,36,18,232,26,153,99,235,63,181,120,34,112,145,21,222,116,250,4,98,253,140,115,60,159,111,255,208,89,96,220,29,23,160,32,172,225,143,173,88,120],[144,209,220,87,155,234,235,48,88,11,197,202,46,37,118,168,209,225,74,45,119,47,93,93,53,200,205,177,133,191,165,27,88,225,81,68,225,85,137,199,15,15,159,99,181,67,254,76],[182,58,86,54,29,87,134,220,122,111,83,34,206,168,157,128,18,58,155,255,1,83,95,23,141,209,215,179,68,2,78,180,137,52,123,162,232,174,184,79,136,63,97,166,90,225,160,145],[183,104,28,157,167,68,230,177,202,69,188,72,68,1,161,120,10,148,161,102,192,133,62,23,26,159,54,92,41,210,48,196,187,54,246,96,252,219,48,223,234,226,0,93,100,241,177,116],[135,42,183,184,38,135,167,87,143,163,31,177,219,164,184,9,231,176,253,73,172,156,60,222,54,148,60,188,225,94,169,42,129,241,85,162,31,161,72,237,244,136,228,21,245,40,216,231],[134,68,63,207,38,226,54,122,108,172,185,171,228,69,98,189,30,190,241,123,152,110,187,250,95,19,214,167,118,25,218,205,160,34,217,82,130,66,250,238,56,47,88,108,155,43,164,6],[170,17,158,10,54,175,134,147,152,110,216,49,42,70,144,157,177,51,44,49,21,29,19,251,44,70,33,223,225,77,144,238,73,250,126,81,216,60,246,160,97,131,116,79,161,194,22,48]],"agg_pubkey_hex":[140,27,73,135,150,75,173,60,250,20,88,42,170,43,40,217,187,181,143,105,47,27,229,238,162,169,126,111,91,174,147,86,220,90,76,159,90,85,92,143,125,55,31,7,247,100,103,43],"signature_hex":[176,185,30,94,237,244,128,88,232,156,83,199,108,117,184,133,196,123,133,164,54,129,240,132,135,66,85,40,136,150,11,232,167,80,36,62,201,6,22,74,157,126,156,182,203,142,208,160,8,255,43,163,5,84,134,127,194,62,42,95,20,58,15,4,100,252,25,131,240,198,108,241,64,178,102,192,62,108,189,46,19,77,253,14,47,9,245,144,48,109,160,108,157,60,68,13],"hm_hex":[151,80,36,18,188,252,63,29,136,183,31,26,217,182,15,163,124,51,45,25,70,111,186,29,201,145,212,43,205,9,188,217,241,194,42,86,38,70,255,206,9,34,121,59,108,105,147,139,7,110,92,214,207,179,195,97,252,118,126,95,64,206,5,72,110,22,104,130,95,254,236,171,137,215,218,164,85,161,121,115,106,56,122,233,59,155,21,210,131,212,95,250,20,205,74,247]},{"old_committee_root":[13,138,21,167,224,211,155,3,190,12,123,185,54,236,15,130,18,219,242,178,43,254,173,169,249,25,188,44,58,41,169,253],"pubkeys":[[["15212485800492794","29291753695300459","4385620701718861","15256443924591055","3888324029716343","21450948285339686","1209806604702801"],["28693333250787909","21547678714945376","19540389580109761","863430648523425","24616532847186266","4917116259268499","759127645874337"]],[["25424655590773015","16674375213996871","8617298026599013","17895712612899850","18115146387634909","15847367043636991","216356771888953"],["15008084350552662","12909388129321883","1488021692293868","24022403394408257","7249818522850479","20859583366698009","379807840762118"]],[["10863686994539668","15563944043599881","18818866786756250","2264993666303477","34425046923881415","7252013213003191","804831810229370"],["25163012694749896","2439910610549105","29629207408626164","13775647618636130","30674616453128309","23491164932749739","1142987243582057"]],[["13326547388441606","14255187681467504","8400713016574091","18988427617279669","24255028603590585","22321828042472584","440972677331085"],["35585519298357346","14586808512945956","21023797942624816","26259383451531733","31884650133332281","5531512119535736","740005475024329"]],[["4397375242370636","9721618395008542","19728531037447045","16179223033955949","24605477301428951","28722548572767684","1183585980054202"],["29790843503974829","7355527797851303","4064377057732727","14037881765225832","114725876100751","22327536084046923","235034161181320"]],[["16640146002969681","27693682598085706","19004717364464411","10881005281883673","20565234593226981","25997242242794938","1657668549707024"],["10551308706580751","5827159448346972","1876021170868487","3690528475729710","26356776834709331","29765338961653005","194860623336758"]],[["2502582772226279","12178462489041897","32516384116836293","28395879684940261","21252041411122330","30102379482725236","504323348472297"],["22536765455867194","17544115020173878","33959270276067024","29348940991961684","32049555851820942","26548217787536329","837561898087310"]],[["9831598374949744","23855355615508359","31430090573478446","29343456661208842","6677852858947573","31477681244566487","659525111204037"],["24931403231661102","29341656825142531","5559922326835791","22508414768135030","21009890578071761","1438495239472735","1027248723516977"]],[["24996141510641284","28858605955160626","912222771772341","6353354633433617","21850000743403996","19865190607857920","1166576370610590"],["13607291773270678","17174552549659493","20810427386326525","31343698006621088","18855454807213336","27942623027011951","41695155116297"]],[["21147371382369618","10248681802814503","20777742391913758","35484796594432462","26250729459209968","20186352624731854","1198625870944286"],["26280208589401217","17389281092851604","94813737040568","29179092795682021","16227318935621788","18010788761525724","1332419948159336"]],[["31848737814775009","34746119447898495","32338366739747632","2620369776845828","4370390755572450","33713058195010305","1009905715040131"],["1853212917813769","10022656317924034","31721818079083127","3857256605634567","29465151560813220","4161663094669137","744269905646319"]],[["17840290649972881","33572287746711312","21691205034321105","2985142871035581","2770774195290096","25771787688368597","1564147859281377"],["32473972780894059","15720793277069648","6605530008884425","1264307895006625","4019338554796438","9793032854245687","1026184500326080"]],[["9197284032862328","9203744343994176","33268803563274239","2444161329406743","17649340642371337","33359742692971308","424797141122854"],["32514735800302809","9053361234248069","3327175086591990","7057647299003140","20215539133355758","3496675029268866","1806699744634517"]],[["27584948843164020","30612575735627733","31709128343874779","1172013776697778","7344190757934700","24269832476756096","1647099144425785"],["25357375934453307","16717205497445184","33674763811850522","9158827096612549","6698161615079841","2986453270626419","1812855533077728"]],[["3866569184988787","3260863498237965","9867209397792382","24235535577414659","33880752414013302","35782550074767353","1078747996306281"],["4231605764819939","8579203569633974","25980634508338876","25045584118969456","7219474358096099","11754346977937251","1129974858984227"]],[["972310295221808","35082875467284675","35893790153189353","11514772312961294","29565709079200529","23207451436655944","708530060241889"],["29896557542001473","31789786086320184","14533532161972893","4540929766077204","9292000660243072","15672223544966975","1334385819232360"]]],"pubkeybits":[1,1,1,1,1,1,1,1,1,1,1,1,1,1,1,1],"signature":[[["31671541298818035","12765296328577746","19028942251543704","26493652745333682","6087545883542545","12426635005937457","987169801695874"],["10526168753732525","19177607877058921","1978058330103502","8366005831444036","6559920754058703","17897221533267900","1772201338398824"]],[["31039149558820572","28002506680482244","24763325523781770","22175960347952700","548645507405733","10938015407751166","1509958976079252"],["13152685045666210","15497294578761004","15715704825856646","19839879415925029","10058891275359513","13422165323460588","741989446849959"]]],"Hm":[[["9760189410626446","18239640968908311","26875612966863115","14620293466557986","34653168582291226","4680768579497594","1790703248332610"],["12037096655051988","15201991388305466","27598147340601425","2441190548681003","11132677064073448","29707926567069781","179821542988673"]],[["14468260180042568","3021575712799310","17307448045021109","19014562194575450","8865646964031390","20933541912305183","187640337474639"],["8240671265632614","34761427006900552","16960104115457088","15406589974038785","27761451539535908","33982963899794492","116845598309316"]]],"pubkey_hexes":[[145,49,64,51,174,81,70,97,172,48,197,36,193,48,221,6,143,201,1,119,118,198,116,245,21,38,57,227,229,44,185,2,234,83,116,8,88,238,237,165,181,182,11,172,220,73,254,250],[131,19,25,242,33,252,229,194,104,197,90,22,247,252,5,186,19,23,211,173,215,242,129,201,41,107,129,71,167,88,194,243,36,153,93,158,160,193,189,173,163,218,83,150,237,6,81,23],[171,111,246,8,156,81,232,206,29,87,59,189,109,191,164,214,93,84,98,188,113,1,127,253,220,192,190,176,182,234,55,121,153,166,155,165,169,142,2,236,4,166,152,119,60,66,180,148],[134,68,63,207,38,226,54,122,108,172,185,171,228,69,98,189,30,190,241,123,152,110,187,250,95,19,214,167,118,25,218,205,160,34,217,82,130,66,250,238,56,47,88,108,155,43,164,6],[144,209,220,87,155,234,235,48,88,11,197,202,46,37,118,168,209,225,74,45,119,47,93,93,53,200,205,177,133,191,165,27,88,225,81,68,225,85,137,199,15,15,159,99,181,67,254,76],[151,142,144,36,62,20,66,226,226,213,40,44,45,212,144,255,140,234,110,14,84,213,6,238,212,6,195,48,225,44,36,228,50,198,241,49,160,248,228,2,37,59,30,31,231,132,132,81],[135,42,183,184,38,135,167,87,143,163,31,177,219,164,184,9,231,176,253,73,172,156,60,222,54,148,60,188,225,94,169,42,129,241,85,162,31,161,72,237,244,136,228,21,245,40,216,231],[169,95,86,159,229,35,23,126,166,70,71,123,158,185,123,151,140,120,81,127,93,7,246,252,216,191,225,91,234,96,13,248,254,139,170,96,40,230,185,251,195,162,237,201,96,182,147,112],[144,147,250,232,177,198,122,52,154,72,236,157,72,4,218,7,91,202,113,29,194,210,74,244,193,218,66,32,207,106,90,145,30,237,115,67,95,230,85,205,25,88,205,219,183,127,70,132],[177,8,147,85,6,96,122,61,187,11,204,16,54,117,212,46,99,200,45,111,15,194,39,128,254,5,57,210,116,79,200,160,75,71,146,52,143,151,34,234,19,203,33,108,23,45,237,82],[142,90,3,253,155,62,15,190,46,200,80,11,152,8,248,109,142,72,63,174,33,41,230,204,55,84,128,156,184,228,175,136,228,204,61,184,180,173,129,244,191,241,38,66,31,254,132,225],[182,58,86,54,29,87,134,220,122,111,83,34,206,168,157,128,18,58,155,255,1,83,95,23,141,209,215,179,68,2,78,180,137,52,123,162,232,174,184,79,136,63,97,166,90,225,160,145],[166,9,103,42,202,252,155,180,36,18,232,26,153,99,235,63,181,120,34,112,145,21,222,116,250,4,98,253,140,115,60,159,111,255,208,89,96,220,29,23,160,32,172,225,143,173,88,120],[183,104,28,157,167,68,230,177,202,69,188,72,68,1,161,120,10,148,161,102,192,133,62,23,26,159,54,92,41,210,48,196,187,54,246,96,252,219,48,223,234,226,0,93,100,241,177,116],[175,84,118,92,124,237,167,249,0,81,82,233,191,207,133,229,214,69,195,119,106,195,66,235,33,15,128,104,195,139,45,197,27,159,133,202,222,121,60,156,6,141,188,159,202,197,78,115],[170,17,158,10,54,175,134,147,152,110,216,49,42,70,144,157,177,51,44,49,21,29,19,251,44,70,33,223,225,77,144,238,73,250,126,81,216,60,246,160,97,131,116,79,161,194,22,48]],"agg_pubkey_hex":[140,27,73,135,150,75,173,60,250,20,88,42,170,43,40,217,187,181,143,105,47,27,229,238,162,169,126,111,91,174,147,86,220,90,76,159,90,85,92,143,125,55,31,7,247,100,103,43],"signature_hex":[153,47,59,28,251,161,161,252,171,108,223,167,189,225,116,227,105,36,206,92,243,183,26,208,184,180,200,129,193,194,38,7,23,179,162,16,247,100,147,176,180,165,101,126,165,105,123,173,14,7,77,133,115,202,9,97,47,171,106,66,57,137,90,9,115,159,20,65,27,195,250,199,22,5,118,80,230,174,55,214,179,38,22,172,252,20,143,9,105,112,133,25,88,154,235,243],"hm_hex":[172,19,90,175,159,234,61,60,167,250,164,242,109,34,192,249,111,254,188,152,215,24,246,50,232,245,118,12,103,64,252,90,98,125,122,241,230,52,103,21,77,212,217,133,56,22,80,227,8,1,95,189,223,236,134,156,189,242,96,160,199,46,166,228,215,80,49,18,40,143,114,198,108,60,45,15,148,194,245,204,206,242,37,183,171,210,84,199,120,5,32,10,152,137,230,200]},{"old_committee_root":[80,35,141,7,31,9,196,13,87,245,26,178,83,204,57,138,97,159,52,228,123,79,173,162,242,197,93,144,197,239,255,67],"pubkeys":[[["27584948843164020","30612575735627733","31709128343874779","1172013776697778","7344190757934700","24269832476756096","1647099144425785"],["25357375934453307","16717205497445184","33674763811850522","9158827096612549","6698161615079841","2986453270626419","1812855533077728"]],[["16640146002969681","27693682598085706","19004717364464411","10881005281883673","20565234593226981","25997242242794938","1657668549707024"],["10551308706580751","5827159448346972","1876021170868487","3690528475729710","26356776834709331","29765338961653005","194860623336758"]],[["2502582772226279","12178462489041897","32516384116836293","28395879684940261","21252041411122330","30102379482725236","504323348472297"],["22536765455867194","17544115020173878","33959270276067024","29348940991961684","32049555851820942","26548217787536329","837561898087310"]],[["13326547388441606","14255187681467504","8400713016574091","18988427617279669","24255028603590585","22321828042472584","440972677331085"],["35585519298357346","14586808512945956","21023797942624816","26259383451531733","31884650133332281","5531512119535736","740005475024329"]],[["25424655590773015","16674375213996871","8617298026599013","17895712612899850","18115146387634909","15847367043636991","216356771888953"],["15008084350552662","12909388129321883","1488021692293868","24022403394408257","7249818522850479","20859583366698009","379807840762118"]],[["9831598374949744","23855355615508359","31430090573478446","29343456661208842","6677852858947573","31477681244566487","659525111204037"],["24931403231661102","29341656825142531","5559922326835791","22508414768135030","21009890578071761","1438495239472735","1027248723516977"]],[["24996141510641284","28858605955160626","912222771772341","6353354633433617","21850000743403996","19865190607857920","1166576370610590"],["13607291773270678","17174552549659493","20810427386326525","31343698006621088","18855454807213336","27942623027011951","41695155116297"]],[["9197284032862328","9203744343994176","33268803563274239","2444161329406743","17649340642371337","33359742692971308","424797141122854"],["32514735800302809","9053361234248069","3327175086591990","7057647299003140","20215539133355758","3496675029268866","1806699744634517"]],[["10863686994539668","15563944043599881","18818866786756250","2264993666303477","34425046923881415","7252013213003191","804831810229370"],["25163012694749896","2439910610549105","29629207408626164","13775647618636130","30674616453128309","23491164932749739","1142987243582057"]],[["15212485800492794","29291753695300459","4385620701718861","15256443924591055","3888324029716343","21450948285339686","1209806604702801"],["28693333250787909","21547678714945376","19540389580109761","863430648523425","24616532847186266","4917116259268499","759127645874337"]],[["3866569184988787","3260863498237965","9867209397792382","24235535577414659","33880752414013302","35782550074767353","1078747996306281"],["4231605764819939","8579203569633974","25980634508338876","25045584118969456","7219474358096099","11754346977937251","1129974858984227"]],[["972310295221808","35082875467284675","35893790153189353","11514772312961294","29565709079200529","23207451436655944","708530060241889"],["29896557542001473","31789786086320184","14533532161972893","4540929766077204","9292000660243072","15672223544966975","1334385819232360"]],[["4397375242370636","9721618395008542","19728531037447045","16179223033955949","24605477301428951","28722548572767684","1183585980054202"],["29790843503974829","7355527797851303","4064377057732727","14037881765225832","114725876100751","22327536084046923","235034161181320"]],[["31848737814775009","34746119447898495","32338366739747632","2620369776845828","4370390755572450","33713058195010305","1009905715040131"],["1853212917813769","10022656317924034","31721818079083127","3857256605634567","29465151560813220","4161663094669137","744269905646319"]],[["21147371382369618","10248681802814503","20777742391913758","35484796594432462","26250729459209968","20186352624731854","1198625870944286"],["26280208589401217","17389281092851604","94813737040568","29179092795682021","16227318935621788","18010788761525724","1332419948159336"]],[["17840290649972881","33572287746711312","21691205034321105","2985142871035581","2770774195290096","25771787688368597","1564147859281377"],["32473972780894059","15720793277069648","6605530008884425","1264307895006625","4019338554796438","9793032854245687","1026184500326080"]]],"pubkeybits":[1,1,1,1,1,1,1,1,1,1,1,1,1,1,1,1],"signature":[[["2831313274520613","16532503953044103","22133458351579353","21337296359691828","4885641168595403","18687108023791149","1288245543864336"],["23347334520505615","30199727125184485","25412409076460046","35379286927674686","955037759984828","17684314080724673","1411180714838332"]],[["16925914982591253","22045030577415290","15227271041528686","7235654369086713","22462721859916760","10123600499541815","1332897751230421"],["5742067019471566","30633536741676119","10405212721497141","15663829755548627","14912450909179753","11143484318377238","949731210987408"]]],"Hm":[[["7032844423563154","33861926471366647","7603086101631893","32593011988700621","26030803486262568","25206027260790428","858425882494193"],["33274178055575010","28626537229901184","19744002310086655","1986239180291008","30386395149366111","35098785035151222","999542566098909"]],[["20406677174170106","3049586006275664","30683290301781401","10416128692548763","438719494324242","14314822754231322","62676505304404"],["33545042408689593","20305891399646397","4330343663067278","4790796219362435","25200474790044239","2354956761463606","1637713810243041"]]],"pubkey_hexes":[[183,104,28,157,167,68,230,177,202,69,188,72,68,1,161,120,10,148,161,102,192,133,62,23,26,159,54,92,41,210,48,196,187,54,246,96,252,219,48,223,234,226,0,93,100,241,177,116],[151,142,144,36,62,20,66,226,226,213,40,44,45,212,144,255,140,234,110,14,84,213,6,238,212,6,195,48,225,44,36,228,50,198,241,49,160,248,228,2,37,59,30,31,231,132,132,81],[135,42,183,184,38,135,167,87,143,163,31,177,219,164,184,9,231,176,253,73,172,156,60,222,54,148,60,188,225,94,169,42,129,241,85,162,31,161,72,237,244,136,228,21,245,40,216,231],[134,68,63,207,38,226,54,122,108,172,185,171,228,69,98,189,30,190,241,123,152,110,187,250,95,19,214,167,118,25,218,205,160,34,217,82,130,66,250,238,56,47,88,108,155,43,164,6],[131,19,25,242,33,252,229,194,104,197,90,22,247,252,5,186,19,23,211,173,215,242,129,201,41,107,129,71,167,88,194,243,36,153,93,158,160,193,189,173,163,218,83,150,237,6,81,23],[169,95,86,159,229,35,23,126,166,70,71,123,158,185,123,151,140,120,81,127,93,7,246,252,216,191,225,91,234,96,13,248,254,139,170,96,40,230,185,251,195,162,237,201,96,182,147,112],[144,147,250,232,177,198,122,52,154,72,236,157,72,4,218,7,91,202,113,29,194,210,74,244,193,218,66,32,207,106,90,145,30,237,115,67,95,230,85,205,25,88,205,219,183,127,70,132],[166,9,103,42,202,252,155,180,36,18,232,26,153,99,235,63,181,120,34,112,145,21,222,116,250,4,98,253,140,115,60,159,111,255,208,89,96,220,29,23,160,32,172,225,143,173,88,120],[171,111,246,8,156,81,232,206,29,87,59,189,109,191,164,214,93,84,98,188,113,1,127,253,220,192,190,176,182,234,55,121,153,166,155,165,169,142,2,236,4,166,152,119,60,66,180,148],[145,49,64,51,174,81,70,97,172,48,197,36,193,48,221,6,143,201,1,119,118,198,116,245,21,38,57,227,229,44,185,2,234,83,116,8,88,238,237,165,181,182,11,172,220,73,254,250],[175,84,118,92,124,237,167,249,0,81,82,233,191,207,133,229,214,69,195,119,106,195,66,235,33,15,128,104,195,139,45,197,27,159,133,202,222,121,60,156,6,141,188,159,202,197,78,115],[170,17,158,10,54,175,134,147,152,110,216,49,42,70,144,157,177,51,44,49,21,29,19,251,44,70,33,223,225,77,144,238,73,250,126,81,216,60,246,160,97,131,116,79,161,194,22,48],[144,209,220,87,155,234,235,48,88,11,197,202,46,37,118,168,209,225,74,45,119,47,93,93,53,200,205,177,133,191,165,27,88,225,81,68,225,85,137,199,15,15,159,99,181,67,254,76],[142,90,3,253,155,62,15,190,46,200,80,11,152,8,248,109,142,72,63,174,33,41,230,204,55,84,128,156,184,228,175,136,228,204,61,184,180,173,129,244,191,241,38,66,31,254,132,225],[177,8,147,85,6,96,122,61,187,11,204,16,54,117,212,46,99,200,45,111,15,194,39,128,254,5,57,210,116,79,200,160,75,71,146,52,143,151,34,234,19,203,33,108,23,45,237,82],[182,58,86,54,29,87,134,220,122,111,83,34,206,168,157,128,18,58,155,255,1,83,95,23,141,209,215,179,68,2,78,180,137,52,123,162,232,174,184,79,136,63,97,166,90,225,160,145]],"agg_pubkey_hex":[140,27,73,135,150,75,173,60,250,20,88,42,170,43,40,217,187,181,143,105,47,27,229,238,162,169,126,111,91,174,147,86,220,90,76,159,90,85,92,143,125,55,31,7,247,100,103,43],"signature_hex":[180,13,216,116,227,36,241,246,158,81,215,6,54,8,54,73,160,230,229,75,207,182,40,196,183,97,167,214,146,28,227,248,234,131,181,165,62,243,206,31,242,210,242,70,236,140,5,15,18,78,156,40,26,32,66,19,30,155,29,25,113,105,21,183,111,165,170,156,185,121,197,14,63,146,198,147,168,144,214,172,152,54,93,94,28,196,175,57,67,138,15,16,125,249,196,37],"hm_hex":[183,78,139,239,239,207,25,204,78,227,254,68,197,171,152,22,165,130,27,42,136,144,42,216,55,193,23,237,30,77,33,181,192,25,0,217,63,240,244,66,237,136,90,70,176,40,222,69,20,43,208,160,96,170,235,107,134,1,159,38,246,87,126,184,37,18,134,122,75,46,195,128,8,51,201,203,193,183,217,94,60,12,182,234,11,148,250,173,49,23,159,179,60,141,186,67]},{"old_committee_root":[178,249,144,203,27,154,39,31,12,236,69,39,253,13,98,150,131,27,1,13,149,33,3,110,234,84,54,83,140,225,13,41],"pubkeys":[[["24996141510641284","28858605955160626","912222771772341","6353354633433617","21850000743403996","19865190607857920","1166576370610590"],["13607291773270678","17174552549659493","20810427386326525","31343698006621088","18855454807213336","27942623027011951","41695155116297"]],[["25424655590773015","16674375213996871","8617298026599013","17895712612899850","18115146387634909","15847367043636991","216356771888953"],["15008084350552662","12909388129321883","1488021692293868","24022403394408257","7249818522850479","20859583366698009","379807840762118"]],[["13326547388441606","14255187681467504","8400713016574091","18988427617279669","24255028603590585","22321828042472584","440972677331085"],["35585519298357346","14586808512945956","21023797942624816","26259383451531733","31884650133332281","5531512119535736","740005475024329"]],[["972310295221808","35082875467284675","35893790153189353","11514772312961294","29565709079200529","23207451436655944","708530060241889"],["29896557542001473","31789786086320184","14533532161972893","4540929766077204","9292000660243072","15672223544966975","1334385819232360"]],[["27584948843164020","30612575735627733","31709128343874779","1172013776697778","7344190757934700","24269832476756096","1647099144425785"],["25357375934453307","16717205497445184","33674763811850522","9158827096612549","6698161615079841","2986453270626419","1812855533077728"]],[["3866569184988787","3260863498237965","9867209397792382","24235535577414659","33880752414013302","35782550074767353","1078747996306281"],["4231605764819939","8579203569633974","25980634508338876","25045584118969456","7219474358096099","11754346977937251","1129974858984227"]],[["16640146002969681","27693682598085706","19004717364464411","10881005281883673","20565234593226981","25997242242794938","1657668549707024"],["10551308706580751","5827159448346972","1876021170868487","3690528475729710","26356776834709331","29765338961653005","194860623336758"]],[["9197284032862328","9203744343994176","33268803563274239","2444161329406743","17649340642371337","33359742692971308","424797141122854"],["32514735800302809","9053361234248069","3327175086591990","7057647299003140","20215539133355758","3496675029268866","1806699744634517"]],[["31848737814775009","34746119447898495","32338366739747632","2620369776845828","4370390755572450","33713058195010305","1009905715040131"],["1853212917813769","10022656317924034","31721818079083127","3857256605634567","29465151560813220","4161663094669137","744269905646319"]],[["15212485800492794","29291753695300459","4385620701718861","15256443924591055","3888324029716343","21450948285339686","1209806604702801"],["28693333250787909","21547678714945376","19540389580109761","863430648523425","24616532847186266","4917116259268499","759127645874337"]],[["4397375242370636","9721618395008542","19728531037447045","16179223033955949","24605477301428951","28722548572767684","1183585980054202"],["29790843503974829","7355527797851303","4064377057732727","14037881765225832","114725876100751","22327536084046923","235034161181320"]],[["21147371382369618","10248681802814503","20777742391913758","35484796594432462","26250729459209968","20186352624731854","1198625870944286"],["26280208589401217","17389281092851604","94813737040568","29179092795682021","16227318935621788","18010788761525724","1332419948159336"]],[["17840290649972881","33572287746711312","21691205034321105","2985142871035581","2770774195290096","25771787688368597","1564147859281377"],["32473972780894059","15720793277069648","6605530008884425","1264307895006625","4019338554796438","9793032854245687","1026184500326080"]],[["10863686994539668","15563944043599881","18818866786756250","2264993666303477","34425046923881415","7252013213003191","804831810229370"],["25163012694749896","2439910610549105","29629207408626164","13775647618636130","30674616453128309","23491164932749739","1142987243582057"]],[["9831598374949744","23855355615508359","31430090573478446","29343456661208842","6677852858947573","31477681244566487","659525111204037"],["24931403231661102","29341656825142531","5559922326835791","22508414768135030","21009890578071761","1438495239472735","1027248723516977"]],[["2502582772226279","12178462489041897","32516384116836293","28395879684940261","21252041411122330","30102379482725236","504323348472297"],["22536765455867194","17544115020173878","33959270276067024","29348940991961684","32049555851820942","26548217787536329","837561898087310"]]],"pubkeybits":[1,1,1,1,1,1,1,1,1,1,1,1,1,1,1,1],"signature":[[["31333586290608125","23245894246158957","18835694733008913","21734423307191226","21917736033146537","33043303142742175","833280360092636"],["32327891169675380","19007140383005054","32146365217627051","228878477136117","24440970636747469","4821306460111879","1576015810602223"]],[["13213541199584916","1938810242529097","16615856652143171","26229762020761091","11222009677686138","24590254702741791","103250969741551"],["28756467300294442","34107879501883056","20440516858139599","5658029325915274","370664092412901","15144325140224424","1386234319443554"]]],"Hm":[[["25845701362850529","17199086197500165","16662257343564850","23584729212249220","11709116841438373","31747978402290270","279101257882124"],["11129519334804083","33503337449655079","13767145692950295","25077257051962489","7226343056859511","25755560716410414","1767032653389013"]],[["5780853603585316","4275207061400245","25564513340721318","35351066857634075","14971640537176588","12239859691708968","345480482910650"],["32995447249311629","28696002018494884","8130784076662986","23076867323872643","18241515838166635","16290306138189552","539633789740650"]]],"pubkey_hexes":[[144,147,250,232,177,198,122,52,154,72,236,157,72,4,218,7,91,202,113,29,194,210,74,244,193,218,66,32,207,106,90,145,30,237,115,67,95,230,85,205,25,88,205,219,183,127,70,132],[131,19,25,242,33,252,229,194,104,197,90,22,247,252,5,186,19,23,211,173,215,242,129,201,41,107,129,71,167,88,194,243,36,153,93,158,160,193,189,173,163,218,83,150,237,6,81,23],[134,68,63,207,38,226,54,122,108,172,185,171,228,69,98,189,30,190,241,123,152,110,187,250,95,19,214,167,118,25,218,205,160,34,217,82,130,66,250,238,56,47,88,108,155,43,164,6],[170,17,158,10,54,175,134,147,152,110,216,49,42,70,144,157,177,51,44,49,21,29,19,251,44,70,33,223,225,77,144,238,73,250,126,81,216,60,246,160,97,131,116,79,161,194,22,48],[183,104,28,157,167,68,230,177,202,69,188,72,68,1,161,120,10,148,161,102,192,133,62,23,26,159,54,92,41,210,48,196,187,54,246,96,252,219,48,223,234,226,0,93,100,241,177,116],[175,84,118,92,124,237,167,249,0,81,82,233,191,207,133,229,214,69,195,119,106,195,66,235,33,15,128,104,195,139,45,197,27,159,133,202,222,121,60,156,6,141,188,159,202,197,78,115],[151,142,144,36,62,20,66,226,226,213,40,44,45,212,144,255,140,234,110,14,84,213,6,238,212,6,195,48,225,44,36,228,50,198,241,49,160,248,228,2,37,59,30,31,231,132,132,81],[166,9,103,42,202,252,155,180,36,18,232,26,153,99,235,63,181,120,34,112,145,21,222,116,250,4,98,253,140,115,60,159,111,255,208,89,96,220,29,23,160,32,172,225,143,173,88,120],[142,90,3,253,155,62,15,190,46,200,80,11,152,8,248,109,142,72,63,174,33,41,230,204,55,84,128,156,184,228,175,136,228,204,61,184,180,173,129,244,191,241,38,66,31,254,132,225],[145,49,64,51,174,81,70,97,172,48,197,36,193,48,221,6,143,201,1,119,118,198,116,245,21,38,57,227,229,44,185,2,234,83,116,8,88,238,237,165,181,182,11,172,220,73,254,250],[144,209,220,87,155,234,235,48,88,11,197,202,46,37,118,168,209,225,74,45,119,47,93,93,53,200,205,177,133,191,165,27,88,225,81,68,225,85,137,199,15,15,159,99,181,67,254,76],[177,8,147,85,6,96,122,61,187,11,204,16,54,117,212,46,99,200,45,111,15,194,39,128,254,5,57,210,116,79,200,160,75,71,146,52,143,151,34,234,19,203,33,108,23,45,237,82],[182,58,86,54,29,87,134,220,122,111,83,34,206,168,157,128,18,58,155,255,1,83,95,23,141,209,215,179,68,2,78,180,137,52,123,162,232,174,184,79,136,63,97,166,90,225,160,145],[171,111,246,8,156,81,232,206,29,87,59,189,109,191,164,214,93,84,98,188,113,1,127,253,220,192,190,176,182,234,55,121,153,166,155,165,169,142,2,236,4,166,152,119,60,66,180,148],[169,95,86,159,229,35,23,126,166,70,71,123,158,185,123,151,140,120,81,127,93,7,246,252,216,191,225,91,234,96,13,248,254,139,170,96,40,230,185,251,195,162,237,201,96,182,147,112],[135,42,183,184,38,135,167,87,143,163,31,177,219,164,184,9,231,176,253,73,172,156,60,222,54,148,60,188,225,94,169,42,129,241,85,162,31,161,72,237,244,136,228,21,245,40,216,231]],"agg_pubkey_hex":[140,27,73,135,150,75,173,60,250,20,88,42,170,43,40,217,187,181,143,105,47,27,229,238,162,169,126,111,91,174,147,86,220,90,76,159,90,85,92,143,125,55,31,7,247,100,103,43],"signature_hex":[182,101,131,26,52,147,188,137,7,159,23,68,32,61,109,78,238,204,78,44,208,26,5,61,138,114,30,188,141,60,185,231,118,234,225,195,114,93,92,204,191,114,218,11,181,129,136,116,11,215,116,207,114,79,115,171,37,172,80,58,196,252,221,225,9,104,149,106,153,166,234,248,147,240,119,80,186,189,187,106,40,4,105,75,2,66,131,169,54,239,81,187,16,100,7,253],"hm_hex":[169,123,70,217,55,204,112,147,245,95,137,126,104,238,238,20,214,85,44,255,51,3,29,235,136,244,198,114,125,58,238,29,96,17,185,202,236,127,30,86,70,138,17,213,36,202,67,144,18,192,96,226,163,19,133,36,122,21,15,168,249,155,205,254,154,66,45,65,134,18,130,237,39,214,88,250,120,230,26,162,197,233,112,211,182,3,96,165,15,55,91,249,179,204,45,76]},{"old_committee_root":[66,160,194,164,12,31,121,193,95,67,133,62,173,1,243,116,0,102,227,146,132,25,101,105,192,59,89,58,1,193,72,128],"pubkeys":[[["4397375242370636","9721618395008542","19728531037447045","16179223033955949","24605477301428951","28722548572767684","1183585980054202"],["29790843503974829","7355527797851303","4064377057732727","14037881765225832","114725876100751","22327536084046923","235034161181320"]],[["10863686994539668","15563944043599881","18818866786756250","2264993666303477","34425046923881415","7252013213003191","804831810229370"],["25163012694749896","2439910610549105","29629207408626164","13775647618636130","30674616453128309","23491164932749739","1142987243582057"]],[["27584948843164020","30612575735627733","31709128343874779","1172013776697778","7344190757934700","24269832476756096","1647099144425785"],["25357375934453307","16717205497445184","33674763811850522","9158827096612549","6698161615079841","2986453270626419","1812855533077728"]],[["17840290649972881","33572287746711312","21691205034321105","2985142871035581","2770774195290096","25771787688368597","1564147859281377"],["32473972780894059","15720793277069648","6605530008884425","1264307895006625","4019338554796438","9793032854245687","1026184500326080"]],[["15212485800492794","29291753695300459","4385620701718861","15256443924591055","3888324029716343","21450948285339686","1209806604702801"],["28693333250787909","21547678714945376","19540389580109761","863430648523425","24616532847186266","4917116259268499","759127645874337"]],[["31848737814775009","34746119447898495","32338366739747632","2620369776845828","4370390755572450","33713058195010305","1009905715040131"],["1853212917813769","10022656317924034","31721818079083127","3857256605634567","29465151560813220","4161663094669137","744269905646319"]],[["21147371382369618","10248681802814503","20777742391913758","35484796594432462","26250729459209968","20186352624731854","1198625870944286"],["26280208589401217","17389281092851604","94813737040568","29179092795682021","16227318935621788","18010788761525724","1332419948159336"]