[{"old_committee_root":[0,0,0,0,0,0,0,0,0,0,0,0,0,0,0,0,0,0,0,0,0,0,0,0,0,0,0,0,0,0,0,0],"pubkeys":[[["11470542597376920","3399782734862196","29583814892721846","11701525525043766","25500723683212739","18288933403429763","1095064893901193"],["17031819632060055","18962302547691492","8366377412702045","15918276027660860","34743074200222353","9009212796280081","1290890266310087"]],[["18177093775725890","14344382270257542","27523513051647552","14403181564663404","34241634816077495","4241658210255091","1241937818075032"],["25824750652733986","13475404557144717","8455924170886422","26638427423044939","9813550229072462","16195650899881071","239199606396338"]],[["23485058524233726","33270911524802430","36026980518407526","23783435795834584","11249702698212202","30056270128386618","413877589654960"],["28744770561026734","28807588024825900","39983248744165","33150906814114327","32333972211678997","35239509045115084","35919560179437"]],[["34081403567978655","10910221693875602","12964080783021882","4776795836649746","30410942271796683","24302807622004086","467481766787295"],["23664134317279378","12581274703557576","16380348594501028","24756604476449468","4981262733166836","22587404324996437","143191238297383"]],[["20287430835765806","25978894447664445","33965703371481156","10075597229359023","23351630295376706","24150442732628310","1350022352166323"],["6262974804134553","32061551975429917","9738000106082008","34841264154638143","13743002895287184","3965913720721398","323932235786837"]],[["15444167218377740","7793973577039356","12925281906933137","6220485211522695","15440478964683418","14047554571686384","1326428102177163"],["7323609438252727","32576278845477990","32048410369456616","28029712226347742","17052274487055010","10586549618148423","1044757096342577"]],[["8952733423744257","1963283258615808","7726781664779320","24095065482985764","14676517589541872","32422346993996990","1655756717739510"],["22886183489560564","26771029921165701","32928605348570879","10757951281683375","21954546895059026","1273827378037325","1219862457549220"]],[["32783460129011084","30650171583443812","8684879806095010","27978545565649562","8259739867021534","20441071586863791","799691968398252"],["25454600818093133","4948222517396103","26760106576695565","2588035603964991","20047045910471562","22139470544477169","1266452547405508"]],[["4241127576707876","19392571864452099","22378890421335358","28984578657756285","1617467350932399","19585137551648300","1190303627867276"],["32785560485052989","17696905596798591","25456952768852668","31049519751014098","3160517095284664","2298607557288605","20346650360542"]],[["32566888596131974","21159936130384876","21095762654431676","18248252774794845","23827215106464362","5086252987364605","195149787569860"],["20150570838359800","9509392147706078","13271452228517316","18666182444246172","20794268061632906","34128023038719007","32019102043224"]],[["11104107281021016","34915191528278864","21734262398253462","33782889023437816","18528876918249646","22947592398461005","1278342324180767"],["9787948429351514","27494704880681009","34610613356117746","2072799881520100","25972189078036779","26494077969638403","942747229013672"]],[["27665392921294551","27753666511058487","3827209689217251","8549258025710317","31905743809354748","29971056041762319","1535600171630321"],["35701431277090930","19318781304437926","15909282370844871","26312593117169052","5332711121870573","33936689113692680","329662783022783"]],[["13906224385758519","22554888559765385","12515640597575372","34168283388945185","7550735765033034","31913490622115447","1609394515025231"],["8433375619123386","13467598844552613","25601786599906144","18230432179279011","27671894038020065","12208039641646837","738738550993860"]],[["18119592693475362","30646060982708328","33652502971456576","14176980724871686","13291276245270288","11393404127824218","684919263751930"],["1485393010177322","34775784128939168","17701956346035811","18254557693305547","21792991632266104","2903594183688180","76797784464188"]],[["19473858403044642","13282714920472669","20322328923559318","27128909724537875","27878193957278588","6979632156869655","463928954281533"],["5905720853086584","11105745533384418","20428186921061445","14497097913455768","9441679687593167","34384198813609206","604462275056211"]],[["20689127972054934","4286175793647108","33917559736951551","23152170337298868","713757173974656","15473956062980885","944399172865185"],["7036883901483551","27562017716992917","20537722655289931","3300036153724713","14333383326517167","16048032236191638","1278985863358841"]]],"pubkeybits":[1,1,1,1,1,1,1,1,1,1,1,1,1,1,1,1],"signature":[[["6257299799236711","21023882712005721","15884452222651733","28340782720210227","31559231589907881","29964450399734491","1721808729302048"],["9229363057879315","7218820549088488","5320697595927576","20207188443235989","3409316664750197","17398263599247583","845733413222808"]],[["7401575284784335","3172195531614365","27673351084713201","12919601818129147","32156036900112209","19684920721382347","1135607131119321"],["11775274577210134","7333988543265033","27330375113198087","21856144075990201","8794239080478823","26854584870370047","1704300188200610"]]],"Hm":[[["29880632831085829","32694022178605103","29364402203970946","20028922964056418","34322884082102591","659350625530152","1440610421885776"],["22795700043485998","7866664886375522","24078871986806082","23703985037384087","28059895891155174","21539718381977521","1376509371862229"]],[["24193255295646182","12390021641999705","35517034419994223","21862330070798056","28102783355806474","27010386386050742","1037470872068685"],["29917756237936581","22946497339727510","1061186390906653","27296916806195876","8186146482396276","14853975139429328","691763760705161"]]],"pubkey_hexes":[[175,143,210,168,7,38,38,7,205,129,22,168,92,29,169,140,94,138,115,220,53,50,79,55,8,3,70,218,70,148,170,114,5,173,134,10,10,205,28,203,186,40,192,101,208,229,203,152],[145,166,36,185,234,254,96,120,142,32,23,12,7,159,154,105,93,251,218,235,118,101,115,193,25,130,205,152,114,31,80,154,131,144,25,123,17,224,222,220,195,64,147,248,113,141,21,66],[133,225,173,138,216,246,195,86,64,37,194,52,145,210,127,120,184,82,125,182,170,143,221,21,68,196,219,31,255,150,68,8,75,89,187,25,219,223,101,7,191,83,111,137,74,221,191,254],[134,164,176,82,151,227,126,178,186,50,186,213,107,182,192,169,116,54,83,92,178,31,15,14,96,66,34,75,131,176,209,122,85,206,147,97,100,248,61,250,201,121,20,219,33,29,184,159],[147,47,90,74,245,118,206,174,101,153,1,249,74,181,47,98,241,202,234,52,36,121,118,121,56,47,245,254,42,232,37,0,56,17,46,37,213,91,154,238,158,200,19,79,148,95,2,46],[178,217,132,111,102,198,45,143,65,105,97,170,143,131,109,176,138,125,161,41,162,195,47,242,107,160,208,235,122,222,109,43,207,100,77,216,73,241,57,94,254,54,222,99,100,231,52,12],[183,135,155,155,251,55,219,153,127,159,90,228,165,243,66,67,112,151,110,63,10,179,74,179,94,128,36,134,220,221,227,24,183,14,3,124,204,64,156,148,0,31,206,118,175,125,181,1],[171,93,67,46,211,14,178,68,248,94,214,27,85,121,213,131,8,203,96,13,236,108,202,216,184,185,83,71,182,182,137,240,151,168,182,114,21,150,196,153,178,116,120,98,31,127,117,140],[144,234,76,163,167,210,50,44,164,161,117,37,49,96,91,241,63,110,53,186,252,223,42,67,91,132,143,179,224,94,221,129,253,79,162,114,184,126,161,134,1,143,17,72,118,168,35,36],[130,197,243,103,16,123,16,144,143,92,116,101,167,237,74,107,157,70,133,166,168,26,150,14,13,56,203,178,188,158,255,210,34,111,37,150,108,198,66,193,246,115,179,105,162,54,80,134],[178,42,149,16,137,92,126,140,53,181,170,226,194,108,29,62,165,108,201,138,239,0,171,121,119,79,127,19,77,204,147,108,254,101,190,5,151,66,39,101,168,39,115,32,114,8,120,88],[149,210,123,26,252,251,199,83,212,34,39,76,240,127,21,161,173,224,209,191,195,203,240,39,246,230,93,163,102,52,236,128,110,56,241,76,232,4,205,155,27,226,73,135,61,165,54,215],[150,222,241,113,124,117,63,139,9,52,128,151,115,185,173,53,170,177,21,4,175,44,123,237,63,116,100,43,29,186,41,253,29,179,40,16,198,156,70,211,196,177,103,163,44,174,21,55],[137,187,184,197,169,187,233,67,209,236,238,146,74,210,243,133,134,115,95,241,6,75,188,113,130,254,64,221,227,177,123,90,167,16,54,112,55,13,81,212,52,64,95,172,109,248,40,34],[134,151,195,130,21,120,244,198,95,129,250,252,32,190,48,177,29,124,217,55,204,12,51,48,104,202,130,114,12,195,59,31,213,101,151,152,71,136,62,104,46,197,47,94,252,133,13,34],[173,107,180,68,230,50,133,183,203,217,51,59,88,168,40,146,136,172,248,104,10,72,24,215,23,125,54,158,31,245,208,241,56,191,199,157,32,136,208,7,2,73,128,166,251,124,167,150]],"agg_pubkey_hex":[167,53,251,156,56,181,145,80,57,194,184,197,222,36,100,55,79,240,225,207,202,139,240,132,88,223,152,112,236,194,98,103,183,104,133,228,9,187,166,55,25,121,196,163,48,129,28,101],"signature_hex":[172,4,194,158,173,230,97,238,125,7,76,85,134,248,193,204,22,75,171,7,88,249,74,150,34,48,210,164,185,201,92,138,103,6,12,210,189,81,67,74,116,32,202,14,138,145,105,19,24,119,231,86,185,144,131,83,164,18,47,186,86,223,1,239,67,68,207,218,156,149,249,85,214,58,166,110,27,180,207,11,179,85,101,88,142,18,108,158,44,150,58,251,35,201,96,103],"hm_hex":[151,80,36,18,188,252,63,29,136,183,31,26,217,182,15,163,124,51,45,25,70,111,186,29,201,145,212,43,205,9,188,217,241,194,42,86,38,70,255,206,9,34,121,59,108,105,147,139,7,110,92,214,207,179,195,97,252,118,126,95,64,206,5,72,110,22,104,130,95,254,236,171,137,215,218,164,85,161,121,115,106,56,122,233,59,155,21,210,131,212,95,250,20,205,74,247]},{"old_committee_root":[130,12,63,77,25,151,54,205,159,249,242,226,179,247,237,85,233,91,2,29,145,225,32,205,239,160,39,108,15,240,18,55],"pubkeys":[[["23485058524233726","33270911524802430","36026980518407526","23783435795834584","11249702698212202","30056270128386618","413877589654960"],["28744770561026734","28807588024825900","39983248744165","33150906814114327","32333972211678997","35239509045115084","35919560179437"]],[["15444167218377740","7793973577039356","12925281906933137","6220485211522695","15440478964683418","14047554571686384","1326428102177163"],["7323609438252727","32576278845477990","32048410369456616","28029712226347742","17052274487055010","10586549618148423","1044757096342577"]],[["32566888596131974","21159936130384876","21095762654431676","18248252774794845","23827215106464362","5086252987364605","195149787569860"],["20150570838359800","9509392147706078","13271452228517316","18666182444246172","20794268061632906","34128023038719007","32019102043224"]],[["11470542597376920","3399782734862196","29583814892721846","11701525525043766","25500723683212739","18288933403429763","1095064893901193"],["17031819632060055","18962302547691492","8366377412702045","15918276027660860","34743074200222353","9009212796280081","1290890266310087"]],[["4241127576707876","19392571864452099","22378890421335358","28984578657756285","1617467350932399","19585137551648300","1190303627867276"],["32785560485052989","17696905596798591","25456952768852668","31049519751014098","3160517095284664","2298607557288605","20346650360542"]],[["34081403567978655","10910221693875602","12964080783021882","4776795836649746","30410942271796683","24302807622004086","467481766787295"],["23664134317279378","12581274703557576","16380348594501028","24756604476449468","4981262733166836","22587404324996437","143191238297383"]],[["18177093775725890","14344382270257542","27523513051647552","14403181564663404","34241634816077495","4241658210255091","1241937818075032"],["25824750652733986","13475404557144717","8455924170886422","26638427423044939","9813550229072462","16195650899881071","239199606396338"]],[["20287430835765806","25978894447664445","33965703371481156","10075597229359023","23351630295376706","24150442732628310","1350022352166323"],["6262974804134553","32061551975429917","9738000106082008","34841264154638143","13743002895287184","3965913720721398","323932235786837"]],[["20689127972054934","4286175793647108","33917559736951551","23152170337298868","713757173974656","15473956062980885","944399172865185"],["7036883901483551","27562017716992917","20537722655289931","3300036153724713","14333383326517167","16048032236191638","1278985863358841"]],[["11104107281021016","34915191528278864","21734262398253462","33782889023437816","18528876918249646","22947592398461005","1278342324180767"],["9787948429351514","27494704880681009","34610613356117746","2072799881520100","25972189078036779","26494077969638403","942747229013672"]],[["8952733423744257","1963283258615808","7726781664779320","24095065482985764","14676517589541872","32422346993996990","1655756717739510"],["22886183489560564","26771029921165701","32928605348570879","10757951281683375","21954546895059026","1273827378037325","1219862457549220"]],[["19473858403044642","13282714920472669","20322328923559318","27128909724537875","27878193957278588","6979632156869655","463928954281533"],["5905720853086584","11105745533384418","20428186921061445","14497097913455768","9441679687593167","34384198813609206","604462275056211"]],[["32783460129011084","30650171583443812","8684879806095010","27978545565649562","8259739867021534","20441071586863791","799691968398252"],["25454600818093133","4948222517396103","26760106576695565","2588035603964991","20047045910471562","22139470544477169","1266452547405508"]],[["18119592693475362","30646060982708328","33652502971456576","14176980724871686","13291276245270288","11393404127824218","684919263751930"],["1485393010177322","34775784128939168","17701956346035811","18254557693305547","21792991632266104","2903594183688180","76797784464188"]],[["27665392921294551","27753666511058487","3827209689217251","8549258025710317","31905743809354748","29971056041762319","1535600171630321"],["35701431277090930","19318781304437926","15909282370844871","26312593117169052","5332711121870573","33936689113692680","329662783022783"]],[["13906224385758519","22554888559765385","12515640597575372","34168283388945185","7550735765033034","31913490622115447","1609394515025231"],["8433375619123386","13467598844552613","25601786599906144","18230432179279011","27671894038020065","12208039641646837","738738550993860"]]],"pubkeybits":[1,1,1,1,1,1,1,1,1,1,1,1,1,1,1,1],"signature":[[["4840521477119588","29283076657801023","31051882444417675","27080249276707825","35309788890080678","29229508115729089","156483284245027"],["27655703829260905","6111310010075260","23382928705798010","21187617145181360","26185679465898705","11494412059814816","489896544486487"]],[["14914694872967918","20551044839190305","9288537596950986","7043439339737032","12638600555496121","18140740337443994","1217801650933990"],["24272343815246122","14978766170601813","16434750337253417","33757662891122153","26764617177603222","30719623709686776","14414305449084"]]],"Hm":[[["33419467998458257","11470057718889570","29101787389648529","19383465427721778","18317520858669753","17830033071576013","1663523383186585"],["26786920493501806","8506921333776993","31022128836611728","28629664601653296","21169918442395559","27217738546157151","647710670953670"]],[["8905504125085577","17761104406726515","34935003357185110","33026724371008584","1227287893318648","14381026341578894","92477929559512"],["25240419982678224","32853464564602526","13269663578975570","32777764310794922","29549833746840501","2480933560099721","1172547303914440"]]],"pubkey_hexes":[[133,225,173,138,216,246,195,86,64,37,194,52,145,210,127,120,184,82,125,182,170,143,221,21,68,196,219,31,255,150,68,8,75,89,187,25,219,223,101,7,191,83,111,137,74,221,191,254],[178,217,132,111,102,198,45,143,65,105,97,170,143,131,109,176,138,125,161,41,162,195,47,242,107,160,208,235,122,222,109,43,207,100,77,216,73,241,57,94,254,54,222,99,100,231,52,12],[130,197,243,103,16,123,16,144,143,92,116,101,167,237,74,107,157,70,133,166,168,26,150,14,13,56,203,178,188,158,255,210,34,111,37,150,108,198,66,193,246,115,179,105,162,54,80,134],[175,143,210,168,7,38,38,7,205,129,22,168,92,29,169,140,94,138,115,220,53,50,79,55,8,3,70,218,70,148,170,114,5,173,134,10,10,205,28,203,186,40,192,101,208,229,203,152],[144,234,76,163,167,210,50,44,164,161,117,37,49,96,91,241,63,110,53,186,252,223,42,67,91,132,143,179,224,94,221,129,253,79,162,114,184,126,161,134,1,143,17,72,118,168,35,36],[134,164,176,82,151,227,126,178,186,50,186,213,107,182,192,169,116,54,83,92,178,31,15,14,96,66,34,75,131,176,209,122,85,206,147,97,100,248,61,250,201,121,20,219,33,29,184,159],[145,166,36,185,234,254,96,120,142,32,23,12,7,159,154,105,93,251,218,235,118,101,115,193,25,130,205,152,114,31,80,154,131,144,25,123,17,224,222,220,195,64,147,248,113,141,21,66],[147,47,90,74,245,118,206,174,101,153,1,249,74,181,47,98,241,202,234,52,36,121,118,121,56,47,245,254,42,232,37,0,56,17,46,37,213,91,154,238,158,200,19,79,148,95,2,46],[173,107,180,68,230,50,133,183,203,217,51,59,88,168,40,146,136,172,248,104,10,72,24,215,23,125,54,158,31,245,208,241,56,191,199,157,32,136,208,7,2,73,128,166,251,124,167,150],[178,42,149,16,137,92,126,140,53,181,170,226,194,108,29,62,165,108,201,138,239,0,171,121,119,79,127,19,77,204,147,108,254,101,190,5,151,66,39,101,168,39,115,32,114,8,120,88],[183,135,155,155,251,55,219,153,127,159,90,228,165,243,66,67,112,151,110,63,10,179,74,179,94,128,36,134,220,221,227,24,183,14,3,124,204,64,156,148,0,31,206,118,175,125,181,1],[134,151,195,130,21,120,244,198,95,129,250,252,32,190,48,177,29,124,217,55,204,12,51,48,104,202,130,114,12,195,59,31,213,101,151,152,71,136,62,104,46,197,47,94,252,133,13,34],[171,93,67,46,211,14,178,68,248,94,214,27,85,121,213,131,8,203,96,13,236,108,202,216,184,185,83,71,182,182,137,240,151,168,182,114,21,150,196,153,178,116,120,98,31,127,117,140],[137,187,184,197,169,187,233,67,209,236,238,146,74,210,243,133,134,115,95,241,6,75,188,113,130,254,64,221,227,177,123,90,167,16,54,112,55,13,81,212,52,64,95,172,109,248,40,34],[149,210,123,26,252,251,199,83,212,34,39,76,240,127,21,161,173,224,209,191,195,203,240,39,246,230,93,163,102,52,236,128,110,56,241,76,232,4,205,155,27,226,73,135,61,165,54,215],[150,222,241,113,124,117,63,139,9,52,128,151,115,185,173,53,170,177,21,4,175,44,123,237,63,116,100,43,29,186,41,253,29,179,40,16,198,156,70,211,196,177,103,163,44,174,21,55]],"agg_pubkey_hex":[167,53,251,156,56,181,145,80,57,194,184,197,222,36,100,55,79,240,225,207,202,139,240,132,88,223,152,112,236,194,98,103,183,104,133,228,9,187,166,55,25,121,196,163,48,129,28,101],"signature_hex":[134,246,59,182,11,17,93,70,176,218,221,209,93,5,208,123,201,172,70,45,25,104,192,209,50,106,150,20,196,169,149,212,79,222,138,219,26,31,33,164,62,98,64,183,82,193,170,105,2,57,72,106,72,104,143,62,192,169,129,148,86,15,215,33,13,254,50,90,108,6,170,251,210,38,126,59,148,97,113,173,58,162,244,4,102,203,15,51,159,145,50,109,187,43,222,100],"hm_hex":[181,102,99,6,199,105,50,53,216,168,105,16,104,123,146,52,195,25,155,170,242,157,139,45,162,131,232,125,214,112,185,132,142,5,191,249,26,55,147,127,78,18,255,218,98,160,27,172,12,149,194,163,117,103,134,11,234,80,253,242,211,157,139,227,43,252,145,227,177,112,44,87,138,82,53,158,223,196,30,100,190,253,84,18,94,209,201,98,78,252,134,18,135,196,65,20]}]