[{"old_committee_root":[0,0,0,0,0,0,0,0,0,0,0,0,0,0,0,0,0,0,0,0,0,0,0,0,0,0,0,0,0,0,0,0],"pubkeys":[[["12374557247893954","7514119743704618","882268309934649","13453634078917997","1506855401313262","34949823224480938","422278299941685"],["6761322336385162","18744063630293248","13897731275797475","14999227695730566","6523856136572777","23103030846704250","1772453208290508"]],[["5184547692280834","9232782775076686","2745698578079601","20751260718517594","17695511783744718","3850350568660064","991615368653426"],["7878281531957240","4599192431821238","22956265743842835","10074554538957994","21846899393061299","34166398879886332","566920800855702"]],[["18898829736331209","15442049514035006","12968053680998120","15221071624321480","18767601889451245","10539834229924057","952123185971012"],["6348443811685174","35140202349903260","7595535029523139","28088390013554761","3135575805228974","4010217211302039","1613818961460843"]],[["15490905907042740","17748907945931199","4311779167181659","22429779452468429","19405323058600077","12684395327835544","1829187461831360"],["29111188875922712","4286925823948265","13352391194808562","14652929840588564","4618129276215400","12737750673380643","291227624041192"]],[["15666557581018479","34143995221222418","3855598794989240","1847619671565074","3227383410357243","407493635474838","1604495708254682"],["14898578612985425","25621619579172613","22726074684524433","15451309167213002","95927308303946","30090433061656146","237099900299689"]],[["10445134204889493","23017850050766443","9057483067333300","8404134024104505","10702098367408799","23782959149062547","1597917183092102"],["21437171348966125","12266326684923728","1764319298678559","11968276417549901","6119898836258019","33781259205231567","1023613269705850"]],[["4970008033895513","22556111545040291","19009654003309285","5172039976738519","13143169898115008","33842762514998496","656160865268816"],["1125736630792963","24864757460465023","19111545927201428","3320966361850376","24270615220852973","15359876823597761","1702054673509821"]],[["16297380190439520","14187199931089256","11609674899565193","35024301838764519","31858867376316276","14313978486354225","1416890804870948"],["12728732955328463","216693171892399","30296716320226376","7690359895037405","4318925496109775","27678221523379081","343335973566006"]],[["23076638239049622","24696158440482793","26699672087181813","5877621073156053","23266838776906720","18330838488566661","1316788107063009"],["32577052148601217","17569743444638224","33554361654709102","22273366175347213","28575918587660156","13853717415356761","1562880256082268"]],[["7707971072513970","31830063403253715","18671900938160176","15559395745709790","12939083311469152","494147217317589","1533010637559487"],["34006808469048852","17345572044844776","11090942472489356","12086992869948742","8773593995211713","17635015934215414","1625701927052633"]],[["3124315191971835","32134256616633337","23785327478850349","19958876138455655","28951403944978591","5725177480397046","982972568061288"],["24477477810567142","10583620489399155","7209602924622067","17473737058505825","2598477986653154","31445232423694818","1707678001500510"]],[["13455768767434862","25726969710311716","2738548119097430","35191440744626125","22598854596739804","30366345389269680","510014146231616"],["20224476841934897","346516504315075","17297781090570779","13010106036538353","13202504935906018","5748561584134087","1338390503141270"]],[["19608230180935353","3615706441532725","28862098254432322","12262820494350331","4246172416237570","32080541854645042","427445351747711"],["2708531438112952","11140808886383962","28079535653437459","18758135303291796","31060672137732110","32250896151706295","1311600403927950"]],[["23532536496149094","33395565584596669","34576403287889611","1083475291891237","25633155541899159","4120049905000229","1619552661556323"],["21877991089696164","485021386359410","23127721288011031","27678474522440668","18766070071692880","32962660964123195","352647271490707"]],[["688670511390799","17105404285026956","7187957886058536","23722378766825529","28311966896172557","19658373215388407","1527792255579110"],["30460342103995494","13225071862816883","26330509385785298","30826932318372421","28935494381308145","26388740232821634","865179357477117"]],[["3990634879925110","6173709785333896","24185321671359249","23513552826681777","5072227449595247","31165671301421538","354607223066242"],["14599009936197276","22776699651940540","10996729445227985","17216316739466716","13641939981635360","31575565419599472","1195244889718417"]]],"pubkeybits":[1,1,1,1,1,1,1,1,1,1,1,1,1,1,1,1],"signature":[[["7898010627446497","27952891835150691","5424184568051792","12447299051383907","8463776672118523","23319758099011809","433326081290740"],["20640545031241941","9359519017891736","32003358064788492","28523080310602019","6120326965066014","10543109177362515","1184203906658343"]],[["34216540201928383","23544467817199532","15316202058855719","14408335538278997","12021065105480527","23813548643664791","476822050398327"],["5868644944743643","1315963533726453","23703842782569882","23780889000353109","34860343023208039","20539792619031499","148132970250603"]]],"Hm":[[["29880632831085829","32694022178605103","29364402203970946","20028922964056418","34322884082102591","659350625530152","1440610421885776"],["22795700043485998","7866664886375522","24078871986806082","23703985037384087","28059895891155174","21539718381977521","1376509371862229"]],[["24193255295646182","12390021641999705","35517034419994223","21862330070798056","28102783355806474","27010386386050742","1037470872068685"],["29917756237936581","22946497339727510","1061186390906653","27296916806195876","8186146482396276","14853975139429328","691763760705161"]]],"pubkey_hexes":[[166,0,61,80,65,236,215,225,85,110,178,16,37,80,85,167,161,206,197,62,229,249,128,73,6,200,173,160,200,154,198,77,116,142,77,89,6,171,15,199,21,43,246,152,33,3,113,194],[142,23,121,199,53,169,200,109,110,252,207,62,227,3,237,223,150,95,210,76,233,55,37,44,120,153,171,66,112,76,177,26,7,220,80,102,149,96,204,99,167,18,107,81,147,132,252,2],[173,135,205,209,32,253,17,43,143,99,26,33,6,204,42,208,141,62,129,206,214,194,111,124,232,151,57,11,132,152,18,69,97,186,27,110,59,41,241,171,159,67,36,98,177,26,199,201],[153,254,139,147,143,107,1,104,131,31,109,166,108,196,79,16,157,186,141,136,217,245,248,127,148,243,153,163,212,98,148,103,6,214,223,135,68,212,162,88,223,183,8,229,151,214,153,180],[150,205,31,18,239,199,104,11,148,232,11,32,44,176,183,116,156,27,167,63,176,210,12,207,70,132,98,67,108,169,99,36,151,174,60,166,228,49,47,210,9,55,168,166,175,120,69,111],[182,181,48,88,80,150,26,163,243,205,126,76,204,154,96,88,7,56,166,169,243,187,112,125,228,217,71,40,11,110,231,50,102,173,40,227,78,107,226,115,53,165,27,203,81,233,233,149],[169,83,25,109,40,209,67,193,222,129,111,101,39,2,235,26,75,79,254,252,2,75,254,44,178,123,218,240,226,75,126,138,230,185,104,17,84,252,19,254,209,145,168,50,43,100,36,89],[148,34,158,100,112,124,145,150,211,230,152,3,137,143,18,247,137,142,149,247,79,141,205,87,179,97,60,234,79,188,5,22,42,162,89,51,151,114,32,0,180,57,230,97,133,5,72,96],[178,182,114,125,118,187,134,8,254,103,100,94,92,45,42,145,16,197,128,62,2,156,53,73,134,18,250,183,182,205,117,152,14,125,107,222,131,59,148,179,244,209,252,20,136,217,71,150],[181,201,15,105,244,90,252,14,11,100,234,214,246,170,223,128,113,135,253,38,6,232,230,4,10,247,219,208,149,127,173,172,210,12,56,138,163,19,42,31,233,155,98,91,221,183,87,178],[173,248,8,138,249,21,160,162,184,38,15,246,7,182,109,178,96,62,58,137,248,221,15,191,75,40,76,245,32,40,70,207,144,203,121,20,247,211,96,185,252,139,25,140,81,47,15,251],[167,63,107,176,16,245,3,95,16,61,240,111,21,133,4,152,157,201,28,45,207,160,205,185,150,246,249,162,110,172,122,245,180,21,173,179,69,117,93,124,146,47,205,243,77,144,16,110],[166,19,9,129,104,65,255,143,200,169,171,149,217,144,241,93,240,232,102,0,37,114,31,12,112,82,255,121,162,123,58,123,98,16,134,108,59,161,7,162,154,197,169,148,218,155,214,185],[151,3,229,244,89,49,140,117,25,78,248,90,249,45,177,19,129,168,193,121,112,123,45,71,252,172,196,190,181,195,142,229,117,178,251,82,139,131,223,31,94,211,154,183,158,132,82,102],[149,182,19,106,188,207,154,46,185,125,130,236,23,190,73,89,87,155,210,224,218,136,236,22,243,247,7,38,98,90,55,29,96,10,30,98,163,37,19,1,70,2,114,87,153,50,224,79],[165,10,13,182,67,58,11,117,200,26,120,220,207,17,32,82,159,181,166,86,250,113,46,116,116,137,54,53,123,27,0,191,254,196,74,247,122,105,89,192,68,14,45,118,22,114,59,118]],"agg_pubkey_hex":[180,179,85,185,202,98,209,214,168,154,96,228,13,6,117,10,4,244,33,42,102,229,171,155,8,49,148,116,77,150,244,115,182,83,97,181,160,19,70,252,119,120,202,81,23,52,132,177],"signature_hex":[144,212,27,212,202,192,157,43,167,55,42,194,66,153,91,230,122,170,151,145,236,170,178,228,186,7,36,124,108,184,157,68,145,3,16,160,55,107,42,59,204,73,84,119,98,142,192,213,6,40,110,92,150,199,210,150,201,146,77,234,199,9,225,28,41,31,255,111,181,135,24,20,203,221,140,100,209,81,24,151,254,20,49,167,128,230,35,184,177,156,15,50,229,225,150,225],"hm_hex":[151,80,36,18,188,252,63,29,136,183,31,26,217,182,15,163,124,51,45,25,70,111,186,29,201,145,212,43,205,9,188,217,241,194,42,86,38,70,255,206,9,34,121,59,108,105,147,139,7,110,92,214,207,179,195,97,252,118,126,95,64,206,5,72,110,22,104,130,95,254,236,171,137,215,218,164,85,161,121,115,106,56,122,233,59,155,21,210,131,212,95,250,20,205,74,247]},{"old_committee_root":[60,62,170,169,95,178,79,2,244,18,92,237,58,136,119,172,142,92,51,10,178,234,175,211,18,120,70,84,242,59,199,217],"pubkeys":[[["688670511390799","17105404285026956","7187957886058536","23722378766825529","28311966896172557","19658373215388407","1527792255579110"],["30460342103995494","13225071862816883","26330509385785298","30826932318372421","28935494381308145","26388740232821634","865179357477117"]],[["3124315191971835","32134256616633337","23785327478850349","19958876138455655","28951403944978591","5725177480397046","982972568061288"],["24477477810567142","10583620489399155","7209602924622067","17473737058505825","2598477986653154","31445232423694818","1707678001500510"]],[["18898829736331209","15442049514035006","12968053680998120","15221071624321480","18767601889451245","10539834229924057","952123185971012"],["6348443811685174","35140202349903260","7595535029523139","28088390013554761","3135575805228974","4010217211302039","1613818961460843"]],[["16297380190439520","14187199931089256","11609674899565193","35024301838764519","31858867376316276","14313978486354225","1416890804870948"],["12728732955328463","216693171892399","30296716320226376","7690359895037405","4318925496109775","27678221523379081","343335973566006"]],[["3990634879925110","6173709785333896","24185321671359249","23513552826681777","5072227449595247","31165671301421538","354607223066242"],["14599009936197276","22776699651940540","10996729445227985","17216316739466716","13641939981635360","31575565419599472","1195244889718417"]],[["15666557581018479","34143995221222418","3855598794989240","1847619671565074","3227383410357243","407493635474838","1604495708254682"],["14898578612985425","25621619579172613","22726074684524433","15451309167213002","95927308303946","30090433061656146","237099900299689"]],[["15490905907042740","17748907945931199","4311779167181659","22429779452468429","19405323058600077","12684395327835544","1829187461831360"],["29111188875922712","4286925823948265","13352391194808562","14652929840588564","4618129276215400","12737750673380643","291227624041192"]],[["23076638239049622","24696158440482793","26699672087181813","5877621073156053","23266838776906720","18330838488566661","1316788107063009"],["32577052148601217","17569743444638224","33554361654709102","22273366175347213","28575918587660156","13853717415356761","1562880256082268"]],[["12374557247893954","7514119743704618","882268309934649","13453634078917997","1506855401313262","34949823224480938","422278299941685"],["6761322336385162","18744063630293248","13897731275797475","14999227695730566","6523856136572777","23103030846704250","1772453208290508"]],[["19608230180935353","3615706441532725","28862098254432322","12262820494350331","4246172416237570","32080541854645042","427445351747711"],["2708531438112952","11140808886383962","28079535653437459","18758135303291796","31060672137732110","32250896151706295","1311600403927950"]],[["23532536496149094","33395565584596669","34576403287889611","1083475291891237","25633155541899159","4120049905000229","1619552661556323"],["21877991089696164","485021386359410","23127721288011031","27678474522440668","18766070071692880","32962660964123195","352647271490707"]],[["4970008033895513","22556111545040291","19009654003309285","5172039976738519","13143169898115008","33842762514998496","656160865268816"],["1125736630792963","24864757460465023","19111545927201428","3320966361850376","24270615220852973","15359876823597761","1702054673509821"]],[["5184547692280834","9232782775076686","2745698578079601","20751260718517594","17695511783744718","3850350568660064","991615368653426"],["7878281531957240","4599192431821238","22956265743842835","10074554538957994","21846899393061299","34166398879886332","566920800855702"]],[["13455768767434862","25726969710311716","2738548119097430","35191440744626125","22598854596739804","30366345389269680","510014146231616"],["20224476841934897","346516504315075","17297781090570779","13010106036538353","13202504935906018","5748561584134087","1338390503141270"]],[["7707971072513970","31830063403253715","18671900938160176","15559395745709790","12939083311469152","494147217317589","1533010637559487"],["34006808469048852","17345572044844776","11090942472489356","12086992869948742","8773593995211713","17635015934215414","1625701927052633"]],[["10445134204889493","23017850050766443","9057483067333300","8404134024104505","10702098367408799","23782959149062547","1597917183092102"],["21437171348966125","12266326684923728","1764319298678559","11968276417549901","6119898836258019","33781259205231567","1023613269705850"]]],"pubkeybits":[1,1,1,1,1,1,1,1,1,1,1,1,1,1,1,1],"signature":[[["26456529853924754","1214436892004724","13963500560987764","12921631129417507","28721256539078317","11036443996103893","558578691441812"],["20840973025226645","29196328039120820","3410519698709844","31261657586108353","31332145619352293","17548444193325500","171078349444401"]],[["7510068768100075","18306896883348614","33273507318736324","1601848681332836","3585864006947982","33084809961250737","606431174117366"],["16795332446127607","34498348065887873","168450998026022","22604478476287173","33708126903829458","5220041953640882","1557247837941159"]]],"Hm":[[["13295091479580626","33960421295354980","23981679491865326","14489769711257587","32676003020841420","12380291488979222","1213032268413364"],["35284964166521722","11457719519592964","34391615649218263","9088973342612345","1297584826267719","800997089170472","1561206760934956"]],[["12499460917247774","19544385269018845","24698966117492453","266449296573844","16232052205825600","20672657102444122","1402027944979480"],["3538325772190842","5899039314966352","1051071218820416","25239403677011061","13163358480849522","3129691824613082","821552346637427"]]],"pubkey_hexes":[[149,182,19,106,188,207,154,46,185,125,130,236,23,190,73,89,87,155,210,224,218,136,236,22,243,247,7,38,98,90,55,29,96,10,30,98,163,37,19,1,70,2,114,87,153,50,224,79],[173,248,8,138,249,21,160,162,184,38,15,246,7,182,109,178,96,62,58,137,248,221,15,191,75,40,76,245,32,40,70,207,144,203,121,20,247,211,96,185,252,139,25,140,81,47,15,251],[173,135,205,209,32,253,17,43,143,99,26,33,6,204,42,208,141,62,129,206,214,194,111,124,232,151,57,11,132,152,18,69,97,186,27,110,59,41,241,171,159,67,36,98,177,26,199,201],[148,34,158,100,112,124,145,150,211,230,152,3,137,143,18,247,137,142,149,247,79,141,205,87,179,97,60,234,79,188,5,22,42,162,89,51,151,114,32,0,180,57,230,97,133,5,72,96],[165,10,13,182,67,58,11,117,200,26,120,220,207,17,32,82,159,181,166,86,250,113,46,116,116,137,54,53,123,27,0,191,254,196,74,247,122,105,89,192,68,14,45,118,22,114,59,118],[150,205,31,18,239,199,104,11,148,232,11,32,44,176,183,116,156,27,167,63,176,210,12,207,70,132,98,67,108,169,99,36,151,174,60,166,228,49,47,210,9,55,168,166,175,120,69,111],[153,254,139,147,143,107,1,104,131,31,109,166,108,196,79,16,157,186,141,136,217,245,248,127,148,243,153,163,212,98,148,103,6,214,223,135,68,212,162,88,223,183,8,229,151,214,153,180],[178,182,114,125,118,187,134,8,254,103,100,94,92,45,42,145,16,197,128,62,2,156,53,73,134,18,250,183,182,205,117,152,14,125,107,222,131,59,148,179,244,209,252,20,136,217,71,150],[166,0,61,80,65,236,215,225,85,110,178,16,37,80,85,167,161,206,197,62,229,249,128,73,6,200,173,160,200,154,198,77,116,142,77,89,6,171,15,199,21,43,246,152,33,3,113,194],[166,19,9,129,104,65,255,143,200,169,171,149,217,144,241,93,240,232,102,0,37,114,31,12,112,82,255,121,162,123,58,123,98,16,134,108,59,161,7,162,154,197,169,148,218,155,214,185],[151,3,229,244,89,49,140,117,25,78,248,90,249,45,177,19,129,168,193,121,112,123,45,71,252,172,196,190,181,195,142,229,117,178,251,82,139,131,223,31,94,211,154,183,158,132,82,102],[169,83,25,109,40,209,67,193,222,129,111,101,39,2,235,26,75,79,254,252,2,75,254,44,178,123,218,240,226,75,126,138,230,185,104,17,84,252,19,254,209,145,168,50,43,100,36,89],[142,23,121,199,53,169,200,109,110,252,207,62,227,3,237,223,150,95,210,76,233,55,37,44,120,153,171,66,112,76,177,26,7,220,80,102,149,96,204,99,167,18,107,81,147,132,252,2],[167,63,107,176,16,245,3,95,16,61,240,111,21,133,4,152,157,201,28,45,207,160,205,185,150,246,249,162,110,172,122,245,180,21,173,179,69,117,93,124,146,47,205,243,77,144,16,110],[181,201,15,105,244,90,252,14,11,100,234,214,246,170,223,128,113,135,253,38,6,232,230,4,10,247,219,208,149,127,173,172,210,12,56,138,163,19,42,31,233,155,98,91,221,183,87,178],[182,181,48,88,80,150,26,163,243,205,126,76,204,154,96,88,7,56,166,169,243,187,112,125,228,217,71,40,11,110,231,50,102,173,40,227,78,107,226,115,53,165,27,203,81,233,233,149]],"agg_pubkey_hex":[180,179,85,185,202,98,209,214,168,154,96,228,13,6,117,10,4,244,33,42,102,229,171,155,8,49,148,116,77,150,244,115,182,83,97,181,160,19,70,252,119,120,202,81,23,52,132,177],"signature_hex":[162,110,97,32,253,84,197,242,193,188,116,8,13,230,245,6,186,27,19,174,93,226,9,251,112,80,248,35,7,118,95,201,7,85,51,220,243,236,194,63,218,74,10,193,41,241,47,149,7,240,24,241,238,18,81,57,172,178,223,197,38,174,96,157,74,88,59,234,213,189,4,246,44,102,228,108,102,238,180,176,141,157,2,40,67,15,198,104,186,93,254,18,223,238,197,146],"hm_hex":[141,129,72,49,229,87,23,88,90,105,54,159,65,62,12,34,70,253,230,211,249,157,159,119,2,69,135,171,63,212,220,186,138,139,184,125,109,43,4,38,0,12,189,133,61,209,107,15,13,90,79,158,140,107,206,200,29,120,106,246,213,112,121,240,113,126,80,83,90,167,15,62,20,194,171,31,67,159,83,235,143,63,167,96,152,29,133,26,173,228,224,17,90,197,162,161]}]